Input (Roman),Predicted (Devanagari),True (Devanagari),Match
ankit,अंकित,अंकित,True
angaarak,अंगारक,अंगारक,True
antarmukh,अंतर्मुख,अंतर्मुख,True
antrmukh,अंतर्मुख,अंतर्मुख,True
andha,अंधा,अंधा,True
andhapan,अंधापन,अंधापन,True
andheri,अंधेरी,अंधेरी,True
ambaani,अंबानी,अंबानी,True
akhand,अखंड,अखंड,True
akhil,अखिल,अखिल,True
agavai,अगवाई,अगवाई,True
agvaai,अगवाई,अगवाई,True
agsta,अगस्ता,अगस्ता,True
agra,अग्र,अग्र,True
achambha,अचंभा,अचंभा,True
acchi,अच्छी,अच्छी,True
achchi,अच्छी,अच्छी,True
ajit,अजित,अजित,True
agyaat,अज्ञात,अज्ञात,True
agyat,अज्ञात,अज्ञात,True
atkata,अटकता,अटकता,True
atake,अटके,अटके,True
atke,अटके,अटके,True
athak,अथक,अथक,True
atharv,अथर्व,अथर्व,True
atharva,अथर्व,अथर्व,True
advait,अद्वैत,अद्वैत,True
adhivas,अधिवास,अधिवास,True
adhiwas,अधिवास,अधिवास,True
anant,अनंत,अनंत,True
anaavashyak,अनावश्यक,अनावश्यक,True
anavashyak,अनावश्यक,अनावश्यक,True
anawashyak,अनावश्यक,अनावश्यक,True
anik,अनिक,अनिक,True
anuchit,अनुचित,अनुचित,True
anuprayogon,अनुप्रयोगों,अनुप्रयोगों,True
anupryogon,अनुप्रयोगों,अनुप्रयोगों,True
anureet,अनुरीत,अनुरीत,True
anyaay,अन्याय,अन्याय,True
anyay,अन्याय,अन्याय,True
anyaya,अन्याय,अन्याय,True
apnani,अपनानी,अपनानी,True
aparivartansheel,अपरिवर्तनशील,अपरिवर्तनशील,True
aparivartanshil,अपरिवर्तनशील,अपरिवर्तनशील,True
apariharya,अपरिहार्य,अपरिहार्य,True
apavartit,अपवर्तित,अपवर्तित,True
apvartit,अपवर्तित,अपवर्तित,True
apaardarshi,अपारदर्शी,अपारदर्शी,True
afroj,अफरोज,अफरोज,True
afroz,अफरोज,अफरोज,True
abbaasi,अब्बासी,अब्बासी,True
abbasi,अब्बासी,अब्बासी,True
abhimat,अभिमत,अभिमत,True
amjhera,अमझेरा,अमझेरा,True
amargad,अमरगढ़,अमरगढ़,True
amargarh,अमरगढ़,अमरगढ़,True
amarpaal,अमरपाल,अमरपाल,True
amarpal,अमरपाल,अमरपाल,True
amarohi,अमरोही,अमरोही,True
amrohi,अमरोही,अमरोही,True
amaanat,अमानत,अमानत,True
amanat,अमानत,अमानत,True
amaanati,अमानती,अमानती,True
amanati,अमानती,अमानती,True
amuk,अमुक,अमुक,True
arbab,अरबाब,अरबाब,True
around,अराउंड,अराउंड,True
urgent,अर्जेंट,अर्जेंट,True
arth,अर्थ,अर्थ,True
arpit,अर्पित,अर्पित,True
aryama,अर्यमा,अर्यमा,True
alankaar,अलंकार,अलंकार,True
alnkaar,अलंकार,अलंकार,True
alankaaron,अलंकारों,अलंकारों,True
alankaron,अलंकारों,अलंकारों,True
alnkaaron,अलंकारों,अलंकारों,True
alnkaron,अलंकारों,अलंकारों,True
algavwaadi,अलगाववादी,अलगाववादी,True
ali,अली,अली,True
alii,अली,अली,True
alba,अल्बा,अल्बा,True
avantipur,अवंतिपुर,अवंतिपुर,True
avarodhak,अवरोधक,अवरोधक,True
avrodhak,अवरोधक,अवरोधक,True
avrodhk,अवरोधक,अवरोधक,True
avarnata,अवर्णता,अवर्णता,True
avarnataa,अवर्णता,अवर्णता,True
avshisht,अवशिष्ट,अवशिष्ट,True
avasthaayen,अवस्थाएं,अवस्थाएं,True
avsthaen,अवस्थाएं,अवस्थाएं,True
avsthayen,अवस्थाएं,अवस्थाएं,True
awasthaen,अवस्थाएं,अवस्थाएं,True
avika,अविका,अविका,True
avishvaasniy,अविश्वसनीय,अविश्वसनीय,True
avishvasniy,अविश्वसनीय,अविश्वसनीय,True
avishvasniya,अविश्वसनीय,अविश्वसनीय,True
avaigyanic,अवैज्ञानिक,अवैज्ञानिक,True
ashktta,अशक्तता,अशक्तता,True
ashvtth,अश्वत्थ,अश्वत्थ,True
asurakshit,असुरक्षित,असुरक्षित,True
asurkshit,असुरक्षित,असुरक्षित,True
aset,असेट,असेट,True
aswbhavik,अस्वभाविक,अस्वभाविक,True
ahirauli,अहिरौली,अहिरौली,True
ipc,आईपीसी,आईपीसी,True
ounce,आउंस,आउंस,True
aakaash,आकाश,आकाश,True
aakash,आकाश,आकाश,True
aake,आके,आके,True
aagat,आगत,आगत,True
aagaman,आगमन,आगमन,True
aagman,आगमन,आगमन,True
aajmaanaa,आजमाना,आजमाना,True
aajmana,आजमाना,आजमाना,True
aazmaanaa,आजमाना,आजमाना,True
aatmayen,आत्माएं,आत्माएं,True
aadaan,आदान,आदान,True
aadhaarit,आधारित,आधारित,True
aadharit,आधारित,आधारित,True
aadheen,आधीन,आधीन,True
aadhin,आधीन,आधीन,True
aadhunik,आधुनिक,आधुनिक,True
aapka,आपका,आपका,True
aapkaa,आपका,आपका,True
aapadaaaen,आपदाएं,आपदाएं,True
aapdaein,आपदाएं,आपदाएं,True
aapdayein,आपदाएं,आपदाएं,True
aamdan,आमदन,आमदन,True
aamdani,आमदनी,आमदनी,True
aamdi,आमदी,आमदी,True
aamod,आमोद,आमोद,True
aayenge,आयेंगे,आयेंगे,True
aayojak,आयोजक,आयोजक,True
rp,आरपी,आरपी,True
aaraam,आराम,आराम,True
aaram,आराम,आराम,True
aryon,आर्यों,आर्यों,True
aalsi,आलसी,आलसी,True
aalochak,आलोचक,आलोचक,True
aalochakon,आलोचकों,आलोचकों,True
aalha,आल्हा,आल्हा,True
aalhaa,आल्हा,आल्हा,True
aavishkaar,आविष्कार,आविष्कार,True
aavritti,आवृत्ति,आवृत्ति,True
aavrittiyon,आवृत्तियों,आवृत्तियों,True
aashanka,आशंका,आशंका,True
aashriton,आश्रितों,आश्रितों,True
aasaan,आसान,आसान,True
aastik,आस्तिक,आस्तिक,True
aasteen,आस्तीन,आस्तीन,True
aahnaan,आह्नान,आह्नान,True
aahnan,आह्नान,आह्नान,True
ilaaj,इलाज,इलाज,True
ilaj,इलाज,इलाज,True
ishaak,इशाक,इशाक,True
ishaaq,इशाक,इशाक,True
ishaara,इशारा,इशारा,True
ishaaraa,इशारा,इशारा,True
ishita,इशिता,इशिता,True
ea,ईए,ईए,True
eater,ईटर,ईटर,True
isaaiyon,ईसाइयों,ईसाइयों,True
isaiyon,ईसाइयों,ईसाइयों,True
uchhalane,उछालने,उछालने,True
uchhalne,उछालने,उछालने,True
uthne,उठने,उठने,True
uthaakar,उठाकर,उठाकर,True
uthakar,उठाकर,उठाकर,True
utpan,उत्पन,उत्पन,True
upadraviyon,उपद्रवियों,उपद्रवियों,True
updraviyon,उपद्रवियों,उपद्रवियों,True
upadravi,उपद्रवी,उपद्रवी,True
updravi,उपद्रवी,उपद्रवी,True
upadrawon,उपद्रवों,उपद्रवों,True
updravon,उपद्रवों,उपद्रवों,True
upneta,उपनेता,उपनेता,True
ubaal,उबाल,उबाल,True
ubhaara,उभारा,उभारा,True
urf,उर्फ,उर्फ,True
urff,उर्फ,उर्फ,True
urvarakon,उर्वरकों,उर्वरकों,True
urwarakon,उर्वरकों,उर्वरकों,True
urvarta,उर्वरता,उर्वरता,True
urwarta,उर्वरता,उर्वरता,True
usak,उसक,उसक,True
usaki,उसकी,उसकी,True
usmen,उसमें,उसमें,True
usi,उसी,उसी,True
rishikul,ऋषिकुल,ऋषिकुल,True
rushikul,ऋषिकुल,ऋषिकुल,True
antony,एंटोनी,एंटोनी,True
ekaki,एकाकी,एकाकी,True
egmore,एगमोर,एगमोर,True
adp,एडीपी,एडीपी,True
emerald,एमरल्ड,एमरल्ड,True
emil,एमिल,एमिल,True
emi,एमी,एमी,True
eyarave,एयरवे,एयरवे,True
eyarve,एयरवे,एयरवे,True
erica,एरिका,एरिका,True
erika,एरिका,एरिका,True
allergic,एलर्जिक,एलर्जिक,True
eliminator,एलिमिनेटर,एलिमिनेटर,True
sfc,एसएफसी,एसएफसी,True
spf,एसपीएफ,एसपीएफ,True
association,एसोसिएशन,एसोसिएशन,True
ester,एस्टर,एस्टर,True
asthetic,एस्थेटिक,एस्थेटिक,True
ehsaas,एहसास,एहसास,True
ehsas,एहसास,एहसास,True
ainth,ऐंठ,ऐंठ,True
ainthey,ऐंठे,ऐंठे,True
ail,ऐल,ऐल,True
aise,ऐसे,ऐसे,True
oxide,ऑक्साइड,ऑक्साइड,True
oxy,ऑक्सी,ऑक्सी,True
offers,ऑफर्स,ऑफर्स,True
obrayan,ओब्रायन,ओब्रायन,True
ovum,ओवम,ओवम,True
owem,ओवम,ओवम,True
auchitya,औचित्य,औचित्य,True
audyogikarana,औद्योगिकरण,औद्योगिकरण,True
aurora,औरोरा,औरोरा,True
kankar,कंकर,कंकर,True
kangan,कंगन,कंगन,True
composer,कंपोजर,कंपोजर,True
kanblon,कंबलों,कंबलों,True
kakkad,कक्कड़,कक्कड़,True
kacche,कच्चे,कच्चे,True
kachche,कच्चे,कच्चे,True
kanaal,कनाल,कनाल,True
kanal,कनाल,कनाल,True
kaningham,कनिंघम,कनिंघम,True
kanishthika,कनिष्ठिका,कनिष्ठिका,True
kanishthikaa,कनिष्ठिका,कनिष्ठिका,True
kanyaayen,कन्याएं,कन्याएं,True
kanyaein,कन्याएं,कन्याएं,True
kanyayen,कन्याएं,कन्याएं,True
convocation,कन्वोकेशन,कन्वोकेशन,True
cup,कप,कप,True
kap,कप,कप,True
kabron,कब्रों,कब्रों,True
kamaljeet,कमलजीत,कमलजीत,True
kamaauu,कमाऊ,कमाऊ,True
kamaate,कमाते,कमाते,True
kamate,कमाते,कमाते,True
kamere,कमेरे,कमेरे,True
kmere,कमेरे,कमेरे,True
karoor,करूर,करूर,True
karur,करूर,करूर,True
kalpanaon,कल्पनाओं,कल्पनाओं,True
kalpnaon,कल्पनाओं,कल्पनाओं,True
kasarat,कसरत,कसरत,True
kasrat,कसरत,कसरत,True
kasara,कसारा,कसारा,True
kasida,कसीदा,कसीदा,True
kahne,कहने,कहने,True
kahlaya,कहलाया,कहलाया,True
kahaniyon,कहानियों,कहानियों,True
kanji,कांजी,कांजी,True
kakoo,काकू,काकू,True
kaku,काकू,काकू,True
kaaji,काजी,काजी,True
kaji,काजी,काजी,True
kazi,काजी,काजी,True
qazi,काजी,काजी,True
kajoo,काजू,काजू,True
kaju,काजू,काजू,True
kaylana,कायलाना,कायलाना,True
kartik,कार्तिक,कार्तिक,True
karykartaaon,कार्यकर्ताओं,कार्यकर्ताओं,True
karyabhar,कार्यभार,कार्यभार,True
karybhar,कार्यभार,कार्यभार,True
kalika,कालिका,कालिका,True
kalighat,कालीघाट,कालीघाट,True
kaav,काव,काव,True
qasim,कासिम,कासिम,True
kiya,किया,किया,True
kisaani,किसानी,किसानी,True
keede,कीड़े,कीड़े,True
kundal,कुंडल,कुंडल,True
kuposhit,कुपोषित,कुपोषित,True
kumawat,कुमावत,कुमावत,True
kural,कुराल,कुराल,True
kurmi,कुर्मी,कुर्मी,True
kursiyon,कुर्सियों,कुर्सियों,True
kush,कुश,कुश,True
kusumalataa,कुसुमलता,कुसुमलता,True
kusumalta,कुसुमलता,कुसुमलता,True
koot,कूट,कूट,True
caitlyn,कैटलिन,कैटलिन,True
catlin,कैटलिन,कैटलिन,True
cadmium,कैडमियम,कैडमियम,True
kaetholikon,कैथोलिकों,कैथोलिकों,True
cavity,कैविटी,कैविटी,True
corolla,कोरोला,कोरोला,True
korola,कोरोला,कोरोला,True
koling,कोलिंग,कोलिंग,True
kaushal,कौशल,कौशल,True
kaushalata,कौशलता,कौशलता,True
kaushalta,कौशलता,कौशलता,True
krantiyon,क्रांतियों,क्रांतियों,True
cric,क्रिक,क्रिक,True
crick,क्रिक,क्रिक,True
cricket,क्रिकेट,क्रिकेट,True
cricketer,क्रिकेटर,क्रिकेटर,True
kriyayog,क्रियायोग,क्रियायोग,True
chrom,क्रोम,क्रोम,True
chrome,क्रोम,क्रोम,True
clay,क्ले,क्ले,True
quantico,क्वांटिको,क्वांटिको,True
queens,क्वींस,क्वींस,True
kshitij,क्षितिज,क्षितिज,True
kshetron,क्षेत्रों,क्षेत्रों,True
khajraana,खजराना,खजराना,True
khaein,खाएं,खाएं,True
khaen,खाएं,खाएं,True
khayen,खाएं,खाएं,True
khaate,खाते,खाते,True
khaatey,खाते,खाते,True
khate,खाते,खाते,True
khal,खाल,खाल,True
khinchakar,खिंचकर,खिंचकर,True
khinchkar,खिंचकर,खिंचकर,True
khudai,खुदाई,खुदाई,True
khurapka,खुरपका,खुरपका,True
khurpaka,खुरपका,खुरपका,True
khushiyan,खुशियां,खुशियां,True
khene,खेने,खेने,True
khaini,खैनी,खैनी,True
khairati,खैराती,खैराती,True
khoya,खोया,खोया,True
gangaajal,गंगाजल,गंगाजल,True
gangajal,गंगाजल,गंगाजल,True
gajra,गजरा,गजरा,True
gatisheel,गतिशील,गतिशील,True
gammat,गम्मत,गम्मत,True
garjana,गर्जना,गर्जना,True
gaanth,गांठ,गांठ,True
gaanthe,गांठे,गांठे,True
gaen,गाएं,गाएं,True
gayatri,गायत्री,गायत्री,True
gaytri,गायत्री,गायत्री,True
ginate,गिनते,गिनते,True
girjaghar,गिरजाघर,गिरजाघर,True
girati,गिरती,गिरती,True
girti,गिरती,गिरती,True
guan,गुआन,गुआन,True
guthalidar,गुठलीदार,गुठलीदार,True
gumaan,गुमान,गुमान,True
guman,गुमान,गुमान,True
gochar,गोचर,गोचर,True
gopichand,गोपीचंद,गोपीचंद,True
gomake,गोमके,गोमके,True
gomke,गोमके,गोमके,True
goyal,गोयल,गोयल,True
gosvaami,गोस्वामी,गोस्वामी,True
gosvami,गोस्वामी,गोस्वामी,True
goswami,गोस्वामी,गोस्वामी,True
gaumukh,गौमुख,गौमुख,True
gaumutra,गौमूत्र,गौमूत्र,True
greest,ग्रीस्ट,ग्रीस्ट,True
greg,ग्रेग,ग्रेग,True
gross,ग्रॉस,ग्रॉस,True
ghataayaa,घटाया,घटाया,True
ghataya,घटाया,घटाया,True
ghisai,घिसाई,घिसाई,True
ghisi,घिसी,घिसी,True
ghise,घिसे,घिसे,True
ghongha,घोंघा,घोंघा,True
ghontane,घोंटने,घोंटने,True
ghontne,घोंटने,घोंटने,True
ghot,घोट,घोट,True
ghodi,घोड़ी,घोड़ी,True
changul,चंगुल,चंगुल,True
chandan,चंदन,चंदन,True
chandon,चंदों,चंदों,True
chandramaon,चंद्रमाओं,चंद्रमाओं,True
chakkar,चक्कर,चक्कर,True
chkkar,चक्कर,चक्कर,True
chakshu,चक्षु,चक्षु,True
chatgaon,चटगांव,चटगांव,True
chadhne,चढ़ने,चढ़ने,True
chaturdik,चतुर्दिक,चतुर्दिक,True
chabate,चबाते,चबाते,True
chamakna,चमकना,चमकना,True
charit,चरित,चरित,True
charcha,चर्चा,चर्चा,True
charchaon,चर्चाओं,चर्चाओं,True
chalenge,चलेंगे,चलेंगे,True
chadar,चादर,चादर,True
chan,चान,चान,True
char,चार,चार,True
charge,चार्ज,चार्ज,True
charts,चार्ट्स,चार्ट्स,True
chaalit,चालित,चालित,True
chikitsak,चिकित्सक,चिकित्सक,True
chikitsakon,चिकित्सकों,चिकित्सकों,True
chikhali,चिखली,चिखली,True
chidchidapan,चिड़चिड़ापन,चिड़चिड़ापन,True
chidhate,चिढ़ते,चिढ़ते,True
chidhte,चिढ़ते,चिढ़ते,True
chithrkar,चित्रकार,चित्रकार,True
chitrkar,चित्रकार,चित्रकार,True
chipakane,चिपकने,चिपकने,True
chipakne,चिपकने,चिपकने,True
chee,ची,ची,True
chi,ची,ची,True
chuka,चुका,चुका,True
chune,चुने,चुने,True
chetti,चेट्टी,चेट्टी,True
chero,चेरो,चेरो,True
chest,चेस्ट,चेस्ट,True
chor,चोर,चोर,True
choron,चोरों,चोरों,True
chauk,चौक,चौक,True
chowk,चौक,चौक,True
chauka,चौका,चौका,True
chaukiyan,चौकियां,चौकियां,True
chauki,चौकी,चौकी,True
chauguni,चौगुनी,चौगुनी,True
chauda,चौड़ा,चौड़ा,True
chausinga,चौसिंगा,चौसिंगा,True
chhagan,छगन,छगन,True
chhalla,छल्ला,छल्ला,True
chhallaa,छल्ला,छल्ला,True
chhai,छाई,छाई,True
chhaati,छाती,छाती,True
chhaapemaar,छापेमार,छापेमार,True
chheenk,छींक,छींक,True
chhuptaa,छुपता,छुपता,True
chhuraa,छुरा,छुरा,True
chhuree,छुरी,छुरी,True
chhuri,छुरी,छुरी,True
chhure,छुरे,छुरे,True
chhootane,छूटने,छूटने,True
chhetr,छेत्र,छेत्र,True
chhetri,छेत्री,छेत्री,True
chhetthri,छेत्री,छेत्री,True
jagaega,जगाएगा,जगाएगा,True
jagayega,जगाएगा,जगाएगा,True
jgaayega,जगाएगा,जगाएगा,True
jgayegaa,जगाएगा,जगाएगा,True
jadein,जड़ें,जड़ें,True
jaden,जड़ें,जड़ें,True
jataati,जताती,जताती,True
jatatee,जताती,जताती,True
jatati,जताती,जताती,True
janajagran,जनजागरण,जनजागरण,True
janjaagran,जनजागरण,जनजागरण,True
jamaati,जमाती,जमाती,True
jamati,जमाती,जमाती,True
jamaaya,जमाया,जमाया,True
jamaeya,जमाया,जमाया,True
jamaya,जमाया,जमाया,True
jamui,जमुई,जमुई,True
jarakh,जरख,जरख,True
zarakh,जरख,जरख,True
jarda,जर्दा,जर्दा,True
jardaa,जर्दा,जर्दा,True
zarda,जर्दा,जर्दा,True
jalte,जलते,जलते,True
jalbhrav,जलभराव,जलभराव,True
jalvaayu,जलवायु,जलवायु,True
jalvayu,जलवायु,जलवायु,True
jalesar,जलेसर,जलेसर,True
jasmeet,जसमीत,जसमीत,True
jasmit,जसमीत,जसमीत,True
jaagriti,जागृति,जागृति,True
jaat,जात,जात,True
jat,जात,जात,True
jaatak,जातक,जातक,True
jaatkon,जातकों,जातकों,True
jaatiyon,जातियों,जातियों,True
jatiyon,जातियों,जातियों,True
jaanam,जानम,जानम,True
jaayke,जायके,जायके,True
jayke,जायके,जायके,True
jaawar,जावर,जावर,True
jing,जिंग,जिंग,True
jin,जिन,जिन,True
jinee,जिनी,जिनी,True
jini,जिनी,जिनी,True
gypsy,जिप्सी,जिप्सी,True
jimme,जिम्मे,जिम्मे,True
jiya,जिया,जिया,True
jeetod,जीतोड़,जीतोड़,True
jean,जीन,जीन,True
jeen,जीन,जीन,True
jeenon,जीनों,जीनों,True
jeeyo,जीयो,जीयो,True
jeera,जीरा,जीरा,True
jeevant,जीवंत,जीवंत,True
jivant,जीवंत,जीवंत,True
jeevan,जीवन,जीवन,True
jeewan,जीवन,जीवन,True
jivan,जीवन,जीवन,True
jiwan,जीवन,जीवन,True
jeevniyaan,जीवनियां,जीवनियां,True
jivaniyaan,जीवनियां,जीवनियां,True
jivaniyan,जीवनियां,जीवनियां,True
jeevraaj,जीवराज,जीवराज,True
jivraj,जीवराज,जीवराज,True
jue,जुए,जुए,True
juye,जुए,जुए,True
juti,जुटी,जुटी,True
junun,जुनून,जुनून,True
junooni,जुनूनी,जुनूनी,True
juraab,जुराब,जुराब,True
jurab,जुराब,जुराब,True
julaahon,जुलाहों,जुलाहों,True
julahon,जुलाहों,जुलाहों,True
julmon,जुल्मों,जुल्मों,True
zulmon,जुल्मों,जुल्मों,True
jood,जूड,जूड,True
jetha,जेठा,जेठा,True
jenner,जेनर,जेनर,True
jenee,जेनी,जेनी,True
jenny,जेनी,जेनी,True
jeremy,जेरेमी,जेरेमी,True
jerome,जेरोम,जेरोम,True
jacks,जैक्स,जैक्स,True
jain,जैन,जैन,True
jaine,जैने,जैने,True
jainon,जैनों,जैनों,True
jogging,जॉगिंग,जॉगिंग,True
joddta,जोड़ता,जोड़ता,True
jodiyon,जोड़ियों,जोड़ियों,True
gyatavya,ज्ञातव्य,ज्ञातव्य,True
gyapit,ज्ञापित,ज्ञापित,True
jyotiba,ज्योतिबा,ज्योतिबा,True
jvaaron,ज्वारों,ज्वारों,True
jvaron,ज्वारों,ज्वारों,True
jwaron,ज्वारों,ज्वारों,True
jewellers,ज्वेलर्स,ज्वेलर्स,True
jh,झ,झ,True
jhalakti,झलकती,झलकती,True
jhalkati,झलकती,झलकती,True
jheel,झील,झील,True
jhil,झील,झील,True
jheelon,झीलों,झीलों,True
jhuthala,झुठला,झुठला,True
jhuthla,झुठला,झुठला,True
jhuthalane,झुठलाने,झुठलाने,True
jhuthlane,झुठलाने,झुठलाने,True
tankaar,टंकार,टंकार,True
takra,टकरा,टकरा,True
time,टाइम,टाइम,True
timer,टाइमर,टाइमर,True
taoo,टाऊ,टाऊ,True
tau,टाऊ,टाऊ,True
tarch,टार्च,टार्च,True
tip,टिप,टिप,True
teekon,टीकों,टीकों,True
tikon,टीकों,टीकों,True
tension,टेंशन,टेंशन,True
tenis,टेनिस,टेनिस,True
tennis,टेनिस,टेनिस,True
test,टेस्ट,टेस्ट,True
testing,टेस्टिंग,टेस्टिंग,True
tainin,टैनिन,टैनिन,True
tonga,टोंगा,टोंगा,True
toka,टोका,टोका,True
truck,ट्रक,ट्रक,True
trebal,ट्रेबल,ट्रेबल,True
thakkar,ठक्कर,ठक्कर,True
thaharne,ठहरने,ठहरने,True
theharne,ठहरने,ठहरने,True
thikane,ठिकाने,ठिकाने,True
theinga,ठेंगा,ठेंगा,True
thenga,ठेंगा,ठेंगा,True
thengaa,ठेंगा,ठेंगा,True
down,डाउन,डाउन,True
daak,डाक,डाक,True
dit,डिट,डिट,True
dvc,डीवीसी,डीवीसी,True
domenic,डोमेनिक,डोमेनिक,True
doranda,डोरंडा,डोरंडा,True
dolne,डोलने,डोलने,True
dreijer,ड्रेजर,ड्रेजर,True
dhakaal,ढकाल,ढकाल,True
dhoondhata,ढूंढता,ढूंढता,True
dhundhata,ढूंढता,ढूंढता,True
dhundhta,ढूंढता,ढूंढता,True
tantr,तंत्र,तंत्र,True
tantra,तंत्र,तंत्र,True
tantrikao,तंत्रिकाओं,तंत्रिकाओं,True
tantrikaon,तंत्रिकाओं,तंत्रिकाओं,True
tapan,तपन,तपन,True
taraash,तराश,तराश,True
tarkvaad,तर्कवाद,तर्कवाद,True
talve,तलवे,तलवे,True
talawon,तलवों,तलवों,True
talvon,तलवों,तलवों,True
tahakhana,तहखाना,तहखाना,True
tahkhaana,तहखाना,तहखाना,True
tahkhana,तहखाना,तहखाना,True
taantaa,तांता,तांता,True
taaja,ताजा,ताजा,True
taajaa,ताजा,ताजा,True
taaza,ताजा,ताजा,True
taja,ताजा,ताजा,True
taza,ताजा,ताजा,True
taapmaanon,तापमानों,तापमानों,True
tiwari,तिवारी,तिवारी,True
ti,ती,ती,True
teer,तीर,तीर,True
tir,तीर,तीर,True
tungnath,तुंगनाथ,तुंगनाथ,True
tyauharon,त्यौहारों,त्यौहारों,True
triya,त्रिया,त्रिया,True
thki,थकी,थकी,True
thaanvi,थानवी,थानवी,True
thanvi,थानवी,थानवी,True
thirke,थिरके,थिरके,True
thief,थीफ,थीफ,True
then,थेन,थेन,True
theni,थेनी,थेनी,True
thaili,थैली,थैली,True
danga,दंगा,दंगा,True
dampatiyon,दंपतियों,दंपतियों,True
danptiyon,दंपतियों,दंपतियों,True
damoh,दमोह,दमोह,True
darjano,दर्जनों,दर्जनों,True
dali,दली,दली,True
dastaanaa,दस्ताना,दस्ताना,True
dastana,दस्ताना,दस्ताना,True
dastavej,दस्तावेज,दस्तावेज,True
dahan,दहन,दहन,True
daakhil,दाखिल,दाखिल,True
daakhile,दाखिले,दाखिले,True
daataa,दाता,दाता,True
daanshil,दानशील,दानशील,True
daabholkar,दाभोलकर,दाभोलकर,True
dayitv,दायित्व,दायित्व,True
dayitvon,दायित्वों,दायित्वों,True
daav,दाव,दाव,True
daaw,दाव,दाव,True
daah,दाह,दाह,True
dikhla,दिखला,दिखला,True
dikhlaa,दिखला,दिखला,True
dikhaai,दिखाई,दिखाई,True
dikhai,दिखाई,दिखाई,True
dikhayi,दिखाई,दिखाई,True
dita,दिता,दिता,True
ditaa,दिता,दिता,True
dinaank,दिनांक,दिनांक,True
diwani,दिवानी,दिवानी,True
divya,दिव्य,दिव्य,True
divyata,दिव्यता,दिव्यता,True
deepan,दीपन,दीपन,True
deepn,दीपन,दीपन,True
deepika,दीपिका,दीपिका,True
deeya,दीया,दीया,True
dukaanon,दुकानों,दुकानों,True
dukanon,दुकानों,दुकानों,True
dukhit,दुखित,दुखित,True
dukhiyon,दुखियों,दुखियों,True
dukhon,दुखों,दुखों,True
dubhashiyon,दुभाषियों,दुभाषियों,True
durghatna,दुर्घटना,दुर्घटना,True
durghtna,दुर्घटना,दुर्घटना,True
duvidhaaen,दुविधाएं,दुविधाएं,True
duvidhaayein,दुविधाएं,दुविधाएं,True
duvidhaen,दुविधाएं,दुविधाएं,True
dune,दूने,दूने,True
doordarshan,दूरदर्शन,दूरदर्शन,True
dekhoge,देखोगे,देखोगे,True
denevaali,देनेवाली,देनेवाली,True
denevali,देनेवाली,देनेवाली,True
denewaali,देनेवाली,देनेवाली,True
denewali,देनेवाली,देनेवाली,True
devnaar,देवनार,देवनार,True
devnar,देवनार,देवनार,True
devaapur,देवापुर,देवापुर,True
devapur,देवापुर,देवापुर,True
devi,देवी,देवी,True
devisinh,देवीसिंह,देवीसिंह,True
deshkaal,देशकाल,देशकाल,True
deshkal,देशकाल,देशकाल,True
deshke,देशके,देशके,True
desai,देसाई,देसाई,True
dvivedi,द्विवेदी,द्विवेदी,True
dwivedi,द्विवेदी,द्विवेदी,True
dhandhe,धंधे,धंधे,True
dhakelte,धकेलते,धकेलते,True
dhkelate,धकेलते,धकेलते,True
dhankuber,धनकुबेर,धनकुबेर,True
dhamkaataa,धमकाता,धमकाता,True
dhamm,धम्म,धम्म,True
dhamma,धम्मा,धम्मा,True
dhammaa,धम्मा,धम्मा,True
dharmnath,धर्मनाथ,धर्मनाथ,True
dharmraj,धर्मराज,धर्मराज,True
dharmesh,धर्मेश,धर्मेश,True
dhaak,धाक,धाक,True
dhaaga,धागा,धागा,True
dhaagaa,धागा,धागा,True
dhaga,धागा,धागा,True
dhaatuein,धातुएं,धातुएं,True
dhaatuyein,धातुएं,धातुएं,True
dhaarak,धारक,धारक,True
dharak,धारक,धारक,True
dhaari,धारी,धारी,True
dhari,धारी,धारी,True
dhunaai,धुनाई,धुनाई,True
dhunai,धुनाई,धुनाई,True
dhuriyaa,धुरिया,धुरिया,True
dhairyavaan,धैर्यवान,धैर्यवान,True
dhairyawan,धैर्यवान,धैर्यवान,True
dhokhebaaj,धोखेबाज,धोखेबाज,True
dhokhebaj,धोखेबाज,धोखेबाज,True
dhoraaji,धोराजी,धोराजी,True
dhoraji,धोराजी,धोराजी,True
dhoron,धोरों,धोरों,True
dhrupad,ध्रुपद,ध्रुपद,True
naksal,नक्सल,नक्सल,True
naksalavaad,नक्सलवाद,नक्सलवाद,True
naksalwaad,नक्सलवाद,नक्सलवाद,True
naksalwad,नक्सलवाद,नक्सलवाद,True
naksaliyon,नक्सलियों,नक्सलियों,True
nagaada,नगाड़ा,नगाड़ा,True
nagaadaa,नगाड़ा,नगाड़ा,True
nageene,नगीने,नगीने,True
najraane,नजराने,नजराने,True
najeeb,नजीब,नजीब,True
najeem,नजीम,नजीम,True
najim,नजीम,नजीम,True
nazeem,नजीम,नजीम,True
namkeen,नमकीन,नमकीन,True
narsanhar,नरसंहार,नरसंहार,True
narsanharon,नरसंहारों,नरसंहारों,True
navketan,नवकेतन,नवकेतन,True
navjaagaran,नवजागरण,नवजागरण,True
navjagran,नवजागरण,नवजागरण,True
navdha,नवधा,नवधा,True
nava,नवा,नवा,True
navaa,नवा,नवा,True
navate,नवाते,नवाते,True
navanagar,नवानगर,नवानगर,True
nawanagar,नवानगर,नवानगर,True
naseem,नसीम,नसीम,True
nasim,नसीम,नसीम,True
naakaam,नाकाम,नाकाम,True
napane,नापने,नापने,True
napa,नापा,नापा,True
naam,नाम,नाम,True
naamdhari,नामधारी,नामधारी,True
naamo,नामो,नामो,True
naraji,नाराजी,नाराजी,True
naasar,नासर,नासर,True
nikaalani,निकालनी,निकालनी,True
nikaalni,निकालनी,निकालनी,True
nicki,निकी,निकी,True
nicky,निकी,निकी,True
niki,निकी,निकी,True
niketan,निकेतन,निकेतन,True
nikhar,निखर,निखर,True
nikhari,निखरी,निखरी,True
nichala,निचला,निचला,True
nichalaa,निचला,निचला,True
nichla,निचला,निचला,True
nitiyon,नितियों,नितियों,True
nityaa,नित्या,नित्या,True
nidhaan,निधान,निधान,True
nipatara,निपटारा,निपटारा,True
niptara,निपटारा,निपटारा,True
niyanta,नियंता,नियंता,True
niyantaa,नियंता,नियंता,True
niya,निया,निया,True
niyaa,निया,निया,True
nirdeshika,निर्देशिका,निर्देशिका,True
nirdeshikaa,निर्देशिका,निर्देशिका,True
nirdhaarit,निर्धारित,निर्धारित,True
nirdharit,निर्धारित,निर्धारित,True
nirbaadh,निर्बाध,निर्बाध,True
nishchal,निश्चल,निश्चल,True
nishnaat,निष्णात,निष्णात,True
nishpaap,निष्पाप,निष्पाप,True
nihlaani,निहलानी,निहलानी,True
nihaalchand,निहालचंद,निहालचंद,True
nihalchand,निहालचंद,निहालचंद,True
neechaaee,नीचाई,नीचाई,True
neat,नीट,नीट,True
neetiyon,नीतियों,नीतियों,True
neelaabh,नीलाभ,नीलाभ,True
nuskhe,नुस्खे,नुस्खे,True
noon,नून,नून,True
noobiyaa,नूबिया,नूबिया,True
nrityon,नृत्यों,नृत्यों,True
nrutyon,नृत्यों,नृत्यों,True
neco,नेको,नेको,True
neko,नेको,नेको,True
nectar,नेक्टर,नेक्टर,True
neg,नेग,नेग,True
neto,नेटो,नेटो,True
neta,नेता,नेता,True
nemo,नेमो,नेमो,True
nelsan,नेल्सन,नेल्सन,True
nelson,नेल्सन,नेल्सन,True
nehra,नेहरा,नेहरा,True
nokari,नोकरी,नोकरी,True
nokri,नोकरी,नोकरी,True
notes,नोट्स,नोट्स,True
nora,नोरा,नोरा,True
nori,नोरी,नोरी,True
panchaang,पंचांग,पंचांग,True
punter,पंटर,पंटर,True
pakaayein,पकाएं,पकाएं,True
pakaayen,पकाएं,पकाएं,True
pakaen,पकाएं,पकाएं,True
pakayen,पकाएं,पकाएं,True
pakaude,पकौड़े,पकौड़े,True
pakshapat,पक्षपात,पक्षपात,True
pakshpaat,पक्षपात,पक्षपात,True
pagalaa,पगला,पगला,True
pagla,पगला,पगला,True
pachaataa,पचाता,पचाता,True
pachata,पचाता,पचाता,True
patakkar,पटककर,पटककर,True
patkathaayein,पटकथाएं,पटकथाएं,True
patkathaein,पटकथाएं,पटकथाएं,True
patkathayen,पटकथाएं,पटकथाएं,True
patki,पटकी,पटकी,True
padha,पढ़ा,पढ़ा,True
padhaa,पढ़ा,पढ़ा,True
padamawati,पदमावती,पदमावती,True
padadhikari,पदाधिकारी,पदाधिकारी,True
panapnaa,पनपना,पनपना,True
panpana,पनपना,पनपना,True
panaamaa,पनामा,पनामा,True
paneer,पनीर,पनीर,True
pammi,पम्मी,पम्मी,True
pardesi,परदेसी,परदेसी,True
parvaa,परवा,परवा,True
parwa,परवा,परवा,True
parwaa,परवा,परवा,True
paraadheen,पराधीन,पराधीन,True
paraadhin,पराधीन,पराधीन,True
paradheen,पराधीन,पराधीन,True
paradhin,पराधीन,पराधीन,True
parikalpit,परिकल्पित,परिकल्पित,True
parosane,परोसने,परोसने,True
parosne,परोसने,परोसने,True
purple,पर्पल,पर्पल,True
paltane,पलटने,पलटने,True
palaari,पलारी,पलारी,True
palari,पलारी,पलारी,True
pahan,पहन,पहन,True
pehan,पहन,पहन,True
pahantaa,पहनता,पहनता,True
pahanate,पहनते,पहनते,True
pahante,पहनते,पहनते,True
pahnaakar,पहनाकर,पहनाकर,True
pahnakar,पहनाकर,पहनाकर,True
pehnakar,पहनाकर,पहनाकर,True
pahnaati,पहनाती,पहनाती,True
pehnati,पहनाती,पहनाती,True
pahani,पहनी,पहनी,True
pahni,पहनी,पहनी,True
pehni,पहनी,पहनी,True
pahla,पहला,पहला,True
pahlaa,पहला,पहला,True
pehla,पहला,पहला,True
paheliyaan,पहेलियां,पहेलियां,True
paheliyan,पहेलियां,पहेलियां,True
paheliyon,पहेलियों,पहेलियों,True
paakhandi,पाखंडी,पाखंडी,True
paathshaalaayein,पाठशालाएं,पाठशालाएं,True
paathyakram,पाठ्यक्रम,पाठ्यक्रम,True
paathyakramon,पाठ्यक्रमों,पाठ्यक्रमों,True
pathykramon,पाठ्यक्रमों,पाठ्यक्रमों,True
paarampariktaa,पारंपरिकता,पारंपरिकता,True
pinta,पिंटा,पिंटा,True
pintaa,पिंटा,पिंटा,True
piega,पिएगा,पिएगा,True
pic,पिक,पिक,True
pick,पिक,पिक,True
pik,पिक,पिक,True
piki,पिकी,पिकी,True
picture,पिक्चर,पिक्चर,True
pigs,पिग्स,पिग्स,True
pichde,पिछड़े,पिछड़े,True
pichhade,पिछड़े,पिछड़े,True
pipraa,पिपरा,पिपरा,True
pipli,पिपली,पिपली,True
pisaai,पिसाई,पिसाई,True
pisai,पिसाई,पिसाई,True
pihaani,पिहानी,पिहानी,True
pihani,पिहानी,पिहानी,True
pml,पीएमएल,पीएमएल,True
peaking,पीकिंग,पीकिंग,True
peelepan,पीलेपन,पीलेपन,True
pv,पीवी,पीवी,True
putla,पुतला,पुतला,True
putliyan,पुतलियां,पुतलियां,True
putliyon,पुतलियों,पुतलियों,True
putli,पुतली,पुतली,True
putale,पुतले,पुतले,True
putul,पुतुल,पुतुल,True
punargathan,पुनर्गठन,पुनर्गठन,True
puna,पुना,पुना,True
puraane,पुराने,पुराने,True
pushp,पुष्प,पुष्प,True
pushpa,पुष्प,पुष्प,True
pushpit,पुष्पित,पुष्पित,True
pushpon,पुष्पों,पुष्पों,True
poonjikaran,पूंजीकरण,पूंजीकरण,True
poojaapaath,पूजापाठ,पूजापाठ,True
purvaabhaas,पूर्वाभास,पूर्वाभास,True
purvaabhas,पूर्वाभास,पूर्वाभास,True
purvabhaas,पूर्वाभास,पूर्वाभास,True
pendulum,पेंडुलम,पेंडुलम,True
peg,पेग,पेग,True
pace,पेस,पेस,True
pes,पेस,पेस,True
package,पैकेज,पैकेज,True
paim,पैम,पैम,True
pam,पैम,पैम,True
polimer,पॉलिमर,पॉलिमर,True
polymer,पॉलिमर,पॉलिमर,True
pokar,पोकर,पोकर,True
polish,पोलिश,पोलिश,True
poshit,पोषित,पोषित,True
pyade,प्यादे,प्यादे,True
prakshepak,प्रक्षेपक,प्रक्षेपक,True
prtigyaa,प्रतिज्ञा,प्रतिज्ञा,True
pratibhutiyan,प्रतिभूतियां,प्रतिभूतियां,True
pratiyon,प्रतियों,प्रतियों,True
prativaad,प्रतिवाद,प्रतिवाद,True
prativad,प्रतिवाद,प्रतिवाद,True
prativadi,प्रतिवादी,प्रतिवादी,True
prapaaton,प्रपातों,प्रपातों,True
prabodhini,प्रबोधिनी,प्रबोधिनी,True
pravatti,प्रवत्ति,प्रवत्ति,True
prashaasanon,प्रशासनों,प्रशासनों,True
prashasanon,प्रशासनों,प्रशासनों,True
prashikshu,प्रशिक्षु,प्रशिक्षु,True
prastaavon,प्रस्तावों,प्रस्तावों,True
prastavon,प्रस्तावों,प्रस्तावों,True
prahlaad,प्रहलाद,प्रहलाद,True
prahaarak,प्रहारक,प्रहारक,True
praan,प्राण,प्राण,True
pranon,प्राणों,प्राणों,True
prathamik,प्राथमिक,प्राथमिक,True
prathmik,प्राथमिक,प्राथमिक,True
prathmikta,प्राथमिकता,प्राथमिकता,True
pradhyapakon,प्राध्यापकों,प्राध्यापकों,True
prapt,प्राप्त,प्राप्त,True
prapta,प्राप्त,प्राप्त,True
proof,प्रूफ,प्रूफ,True
prekshakon,प्रेक्षकों,प्रेक्षकों,True
prem,प्रेम,प्रेम,True
prema,प्रेमा,प्रेमा,True
premi,प्रेमी,प्रेमी,True
programers,प्रोग्रामर्स,प्रोग्रामर्स,True
programmers,प्रोग्रामर्स,प्रोग्रामर्स,True
proto,प्रोटो,प्रोटो,True
fund,फंड,फंड,True
funding,फंडिंग,फंडिंग,True
fagua,फगुआ,फगुआ,True
phatane,फटने,फटने,True
phatne,फटने,फटने,True
phadphadata,फड़फड़ाता,फड़फड़ाता,True
fabti,फब्ती,फब्ती,True
farheen,फरहीन,फरहीन,True
farhin,फरहीन,फरहीन,True
farth,फर्थ,फर्थ,True
ferth,फर्थ,फर्थ,True
pharth,फर्थ,फर्थ,True
falata,फलता,फलता,True
falta,फलता,फलता,True
phalata,फलता,फलता,True
falne,फलने,फलने,True
phalne,फलने,फलने,True
falibhoot,फलीभूत,फलीभूत,True
falibhut,फलीभूत,फलीभूत,True
phalibhoot,फलीभूत,फलीभूत,True
faansi,फांसी,फांसी,True
faaf,फाफ,फाफ,True
phaaph,फाफ,फाफ,True
farmic,फार्मिक,फार्मिक,True
finger,फिंगर,फिंगर,True
fikra,फिक्र,फिक्र,True
firti,फिरती,फिरती,True
fislaa,फिसला,फिसला,True
fulaaye,फुलाए,फुलाए,True
fulae,फुलाए,फुलाए,True
phoos,फूस,फूस,True
feka,फेका,फेका,True
fefada,फेफड़ा,फेफड़ा,True
fact,फैक्ट,फैक्ट,True
failkar,फैलकर,फैलकर,True
failaaiye,फैलाइए,फैलाइए,True
failaiye,फैलाइए,फैलाइए,True
failegi,फैलेगी,फैलेगी,True
phod,फोड़,फोड़,True
fortis,फोर्टिस,फोर्टिस,True
fyuji,फ्यूजी,फ्यूजी,True
franciska,फ्रांसिस्का,फ्रांसिस्का,True
fransiska,फ्रांसिस्का,फ्रांसिस्का,True
fransisko,फ्रांसिस्को,फ्रांसिस्को,True
friendship,फ्रेंडशिप,फ्रेंडशिप,True
flesh,फ्लेश,फ्लेश,True
bang,बंग,बंग,True
bung,बंग,बंग,True
bangbhang,बंगभंग,बंगभंग,True
bandhuon,बंधुओं,बंधुओं,True
bakaayon,बकायों,बकायों,True
bakayon,बकायों,बकायों,True
bakaul,बकौल,बकौल,True
bakhshane,बख्शने,बख्शने,True
bakhshne,बख्शने,बख्शने,True
bageechi,बगीची,बगीची,True
bagichi,बगीची,बगीची,True
bajana,बजना,बजना,True
bajrangi,बजरंगी,बजरंगी,True
badhaati,बढ़ाती,बढ़ाती,True
badhav,बढ़ाव,बढ़ाव,True
batlaae,बतलाए,बतलाए,True
batlaaye,बतलाए,बतलाए,True
batlae,बतलाए,बतलाए,True
batlaye,बतलाए,बतलाए,True
batlaakar,बतलाकर,बतलाकर,True
badlapur,बदलापुर,बदलापुर,True
badali,बदली,बदली,True
badli,बदली,बदली,True
banva,बनवा,बनवा,True
banvaa,बनवा,बनवा,True
banaam,बनाम,बनाम,True
banam,बनाम,बनाम,True
bnaam,बनाम,बनाम,True
baniya,बनिया,बनिया,True
barsa,बरसा,बरसा,True
barsaata,बरसाता,बरसाता,True
barsaataa,बरसाता,बरसाता,True
barhad,बरहद,बरहद,True
baraat,बरात,बरात,True
baraamad,बरामद,बरामद,True
baramde,बरामदे,बरामदे,True
birth,बर्थ,बर्थ,True
ballabh,बल्लभ,बल्लभ,True
balla,बल्ला,बल्ला,True
balli,बल्ली,बल्ली,True
bastiyon,बस्तियों,बस्तियों,True
bahaav,बहाव,बहाव,True
bahawalpur,बहावलपुर,बहावलपुर,True
baku,बाकू,बाकू,True
baag,बाग,बाग,True
baagiyon,बागियों,बागियों,True
bagiyon,बागियों,बागियों,True
baago,बागो,बागो,True
bajuon,बाजुओं,बाजुओं,True
badh,बाध,बाध,True
baadhaaon,बाधाओं,बाधाओं,True
baadhaon,बाधाओं,बाधाओं,True
badhaon,बाधाओं,बाधाओं,True
baadhit,बाधित,बाधित,True
baani,बानी,बानी,True
baapa,बापा,बापा,True
baapaa,बापा,बापा,True
baabat,बाबत,बाबत,True
barah,बारह,बारह,True
baarahamaasee,बारहमासी,बारहमासी,True
barahmasi,बारहमासी,बारहमासी,True
bala,बाला,बाला,True
bavaji,बावजी,बावजी,True
bavji,बावजी,बावजी,True
baawaraa,बावरा,बावरा,True
bavra,बावरा,बावरा,True
bawara,बावरा,बावरा,True
baahulya,बाहुल्य,बाहुल्य,True
bikherati,बिखेरती,बिखेरती,True
bichhua,बिछुआ,बिछुआ,True
bichhuaa,बिछुआ,बिछुआ,True
biji,बिजी,बिजी,True
bipin,बिपिन,बिपिन,True
bilai,बिलाई,बिलाई,True
billa,बिल्ला,बिल्ला,True
bilhaur,बिल्हौर,बिल्हौर,True
bk,बीके,बीके,True
beejak,बीजक,बीजक,True
beef,बीफ,बीफ,True
beem,बीम,बीम,True
beemon,बीमों,बीमों,True
beerganj,बीरगंज,बीरगंज,True
beesavaan,बीसवां,बीसवां,True
beast,बीस्ट,बीस्ट,True
bull,बुल,बुल,True
bulaao,बुलाओ,बुलाओ,True
bulao,बुलाओ,बुलाओ,True
bule,बुले,बुले,True
bulletin,बुलेटिन,बुलेटिन,True
brijesh,बृजेश,बृजेश,True
bechakar,बेचकर,बेचकर,True
bechkar,बेचकर,बेचकर,True
bechate,बेचते,बेचते,True
bechte,बेचते,बेचते,True
benis,बेनिस,बेनिस,True
belacha,बेलचा,बेलचा,True
belcha,बेलचा,बेलचा,True
belinda,बेलिंडा,बेलिंडा,True
besin,बेसिन,बेसिन,True
besil,बेसिल,बेसिल,True
baithate,बैठते,बैठते,True
baini,बैनी,बैनी,True
bairakpur,बैरकपुर,बैरकपुर,True
baila,बैला,बैला,True
bodraa,बोदरा,बोदरा,True
bona,बोना,बोना,True
borkar,बोरकर,बोरकर,True
bolane,बोलने,बोलने,True
boliae,बोलिए,बोलिए,True
bosaan,बोसान,बोसान,True
bauni,बौनी,बौनी,True
bouni,बौनी,बौनी,True
brajesh,ब्रजेश,ब्रजेश,True
bravo,ब्रावो,ब्रावो,True
britain,ब्रिटेन,ब्रिटेन,True
broke,ब्रोक,ब्रोक,True
bhagaane,भगाने,भगाने,True
bhadakaaya,भड़काया,भड़काया,True
bhadkaayaa,भड़काया,भड़काया,True
bhabhoot,भभूत,भभूत,True
bharani,भरनी,भरनी,True
bharni,भरनी,भरनी,True
bharane,भरने,भरने,True
bharne,भरने,भरने,True
bhaate,भाते,भाते,True
bhate,भाते,भाते,True
bhabar,भाबर,भाबर,True
bhariy,भारीय,भारीय,True
bhavnaon,भावनाओं,भावनाओं,True
bhaskar,भास्कर,भास्कर,True
bheed,भीड़,भीड़,True
bheera,भीरा,भीरा,True
bhookh,भूख,भूख,True
bhookhi,भूखी,भूखी,True
bhoogol,भूगोल,भूगोल,True
bhootal,भूतल,भूतल,True
bhoopsingh,भूपसिंह,भूपसिंह,True
bhupsingh,भूपसिंह,भूपसिंह,True
bhulataa,भूलता,भूलता,True
bhulta,भूलता,भूलता,True
bhooli,भूली,भूली,True
bhuli,भूली,भूली,True
bhulon,भूलों,भूलों,True
bhusi,भूसी,भूसी,True
bhooswaami,भूस्वामी,भूस्वामी,True
bhusvami,भूस्वामी,भूस्वामी,True
bhuswami,भूस्वामी,भूस्वामी,True
bhairo,भैरो,भैरो,True
bhogatey,भोगते,भोगते,True
bhogte,भोगते,भोगते,True
bhola,भोला,भोला,True
bholi,भोली,भोली,True
bholu,भोलू,भोलू,True
bhaunho,भौंहों,भौंहों,True
bhraant,भ्रांत,भ्रांत,True
bhraanti,भ्रांति,भ्रांति,True
bhranti,भ्रांति,भ्रांति,True
bhraantiyan,भ्रांतियां,भ्रांतियां,True
bhrantiyan,भ्रांतियां,भ्रांतियां,True
bhraantiyon,भ्रांतियों,भ्रांतियों,True
bhrantiyon,भ्रांतियों,भ्रांतियों,True
mangesh,मंगेश,मंगेश,True
mancheeye,मंचीय,मंचीय,True
manchiy,मंचीय,मंचीय,True
manzil,मंजिल,मंजिल,True
mantriyon,मंत्रियों,मंत्रियों,True
makrani,मकरानी,मकरानी,True
machaaye,मचाए,मचाए,True
machae,मचाए,मचाए,True
machaanon,मचानों,मचानों,True
madhupur,मधुपुर,मधुपुर,True
manae,मनाए,मनाए,True
mnaey,मनाए,मनाए,True
marji,मर्जी,मर्जी,True
maryaadaa,मर्यादा,मर्यादा,True
malaar,मलार,मलार,True
masaaledaar,मसालेदार,मसालेदार,True
masaledaar,मसालेदार,मसालेदार,True
masaledar,मसालेदार,मसालेदार,True
masoor,मसूर,मसूर,True
masur,मसूर,मसूर,True
masse,मस्से,मस्से,True
mahkane,महकने,महकने,True
mahlon,महलों,महलों,True
mahagranth,महाग्रंथ,महाग्रंथ,True
mhagranth,महाग्रंथ,महाग्रंथ,True
mahajan,महाजन,महाजन,True
mhajan,महाजन,महाजन,True
mahanatam,महानतम,महानतम,True
mhantam,महानतम,महानतम,True
mhanideshak,महानिदेशक,महानिदेशक,True
mhapauron,महापौरों,महापौरों,True
mahamantr,महामंत्र,महामंत्र,True
mahamantra,महामंत्र,महामंत्र,True
mhamantra,महामंत्र,महामंत्र,True
mahavigyan,महाविज्ञान,महाविज्ञान,True
mahasingh,महासिंह,महासिंह,True
mahasinh,महासिंह,महासिंह,True
mahipal,महिपाल,महिपाल,True
maang,मांग,मांग,True
maangi,मांगी,मांगी,True
maange,मांगे,मांगे,True
maajin,माजिन,माजिन,True
mathey,माथे,माथे,True
maap,माप,माप,True
maariya,मारिया,मारिया,True
maariyo,मारियो,मारियो,True
malish,मालिश,मालिश,True
mave,मावे,मावे,True
mavey,मावे,मावे,True
maas,मास,मास,True
maason,मासों,मासों,True
mitao,मिटाओ,मिटाओ,True
mithaai,मिठाई,मिठाई,True
mithai,मिठाई,मिठाई,True
mithila,मिथिला,मिथिला,True
mimicry,मिमिक्री,मिमिक्री,True
misha,मिशा,मिशा,True
mungeri,मुंगेरी,मुंगेरी,True
mundva,मुंडवा,मुंडवा,True
mundwa,मुंडवा,मुंडवा,True
mukhyamantri,मुख्यमंत्री,मुख्यमंत्री,True
mufalisi,मुफलिसी,मुफलिसी,True
muhavare,मुहावरे,मुहावरे,True
muth,मूठ,मूठ,True
mood,मूड,मूड,True
moodi,मूडी,मूडी,True
moody,मूडी,मूडी,True
mool,मूल,मूल,True
mul,मूल,मूल,True
moolchand,मूलचंद,मूलचंद,True
mulchand,मूलचंद,मूलचंद,True
moolar,मूलर,मूलर,True
mular,मूलर,मूलर,True
moolon,मूलों,मूलों,True
mulon,मूलों,मूलों,True
mega,मेगा,मेगा,True
mejbaan,मेजबान,मेजबान,True
mejban,मेजबान,मेजबान,True
mezbaan,मेजबान,मेजबान,True
mejabani,मेजबानी,मेजबानी,True
mejbaani,मेजबानी,मेजबानी,True
mejbani,मेजबानी,मेजबानी,True
mezabani,मेजबानी,मेजबानी,True
mate,मेट,मेट,True
met,मेट,मेट,True
mem,मेम,मेम,True
melghat,मेलघाट,मेलघाट,True
melaanin,मेलानिन,मेलानिन,True
melaani,मेलानी,मेलानी,True
melani,मेलानी,मेलानी,True
mehamaan,मेहमान,मेहमान,True
mehaman,मेहमान,मेहमान,True
mehmaan,मेहमान,मेहमान,True
mehman,मेहमान,मेहमान,True
meharaam,मेहराम,मेहराम,True
mehram,मेहराम,मेहराम,True
main,मैन,मैन,True
mainan,मैनन,मैनन,True
maina,मैना,मैना,True
maine,मैने,मैने,True
maisor,मैसोर,मैसोर,True
maisore,मैसोर,मैसोर,True
modern,मॉडर्न,मॉडर्न,True
mogali,मोगली,मोगली,True
motive,मोटिव,मोटिव,True
mold,मोल्ड,मोल्ड,True
moshe,मोशे,मोशे,True
mohani,मोहानी,मोहानी,True
mohini,मोहिनी,मोहिनी,True
mohim,मोहिम,मोहिम,True
maukon,मौकों,मौकों,True
mauma,मौमा,मौमा,True
mauryon,मौर्यों,मौर्यों,True
maulaviyon,मौलवियों,मौलवियों,True
maulviyon,मौलवियों,मौलवियों,True
maule,मौले,मौले,True
mauley,मौले,मौले,True
mausa,मौसा,मौसा,True
yaatna,यातना,यातना,True
yaatanaon,यातनाओं,यातनाओं,True
yatraein,यात्राएं,यात्राएं,True
yaariyan,यारियां,यारियां,True
yaari,यारी,यारी,True
yari,यारी,यारी,True
yugm,युग्म,युग्म,True
ukrainian,यूक्रेनियन,यूक्रेनियन,True
yorker,यॉर्कर,यॉर्कर,True
yojanaein,योजनाएं,योजनाएं,True
yojanaen,योजनाएं,योजनाएं,True
rangate,रंगते,रंगते,True
rangte,रंगते,रंगते,True
raktaabh,रक्ताभ,रक्ताभ,True
rakhna,रखना,रखना,True
raghupati,रघुपति,रघुपति,True
raghuram,रघुराम,रघुराम,True
runners,रनर्स,रनर्स,True
rasaayanon,रसायनों,रसायनों,True
rasayanon,रसायनों,रसायनों,True
rahamat,रहमत,रहमत,True
rahmat,रहमत,रहमत,True
rhamat,रहमत,रहमत,True
rahenge,रहेंगे,रहेंगे,True
rahegi,रहेगी,रहेगी,True
raak,राक,राक,True
raakhe,राखे,राखे,True
raagon,रागों,रागों,True
raaj,राज,राज,True
rajtantra,राजतंत्र,राजतंत्र,True
raajasva,राजस्व,राजस्व,True
rajasva,राजस्व,राजस्व,True
raaji,राजी,राजी,True
raji,राजी,राजी,True
raajon,राजों,राजों,True
rajon,राजों,राजों,True
rabha,राभा,राभा,True
ramkote,रामकोट,रामकोट,True
rampur,रामपुर,रामपुर,True
ramraj,रामराज,रामराज,True
raalod,रालोद,रालोद,True
rig,रिग,रिग,True
riggs,रिग्स,रिग्स,True
ria,रिया,रिया,True
riya,रिया,रिया,True
rishte,रिश्ते,रिश्ते,True
risane,रिसने,रिसने,True
rihana,रिहाना,रिहाना,True
rihanna,रिहाना,रिहाना,True
reeta,रीता,रीता,True
rita,रीता,रीता,True
rukate,रुकते,रुकते,True
rukte,रुकते,रुकते,True
ruktey,रुकते,रुकते,True
rooting,रूटिंग,रूटिंग,True
roots,रूट्स,रूट्स,True
roopi,रूपी,रूपी,True
rupi,रूपी,रूपी,True
rental,रेंटल,रेंटल,True
reja,रेजा,रेजा,True
reza,रेजा,रेजा,True
reshe,रेशे,रेशे,True
race,रेस,रेस,True
racer,रेसर,रेसर,True
racing,रेसिंग,रेसिंग,True
racketier,रैकेटियर,रैकेटियर,True
raith,रैथ,रैथ,True
royals,रॉयल्स,रॉयल्स,True
rojlin,रोजलिन,रोजलिन,True
rotation,रोटेशन,रोटेशन,True
ronaldo,रोनाल्डो,रोनाल्डो,True
roni,रोनी,रोनी,True
ropane,रोपने,रोपने,True
ropaney,रोपने,रोपने,True
ropne,रोपने,रोपने,True
roya,रोया,रोया,True
raubadaar,रौबदार,रौबदार,True
raubadar,रौबदार,रौबदार,True
lambi,लंबी,लंबी,True
lakeer,लकीर,लकीर,True
lakiron,लकीरों,लकीरों,True
lakme,लक्मे,लक्मे,True
lakshy,लक्ष्य,लक्ष्य,True
lakshya,लक्ष्य,लक्ष्य,True
lakshyon,लक्ष्यों,लक्ष्यों,True
lux,लक्स,लक्स,True
laksar,लक्सर,लक्सर,True
laganewale,लगनेवाले,लगनेवाले,True
lagega,लगेगा,लगेगा,True
ladki,लड़की,लड़की,True
ladaai,लड़ाई,लड़ाई,True
ladai,लड़ाई,लड़ाई,True
lahanaa,लहना,लहना,True
lahna,लहना,लहना,True
lehna,लहना,लहना,True
lahraee,लहराई,लहराई,True
lahrai,लहराई,लहराई,True
lahlahaati,लहलहाती,लहलहाती,True
lanchar,लांचर,लांचर,True
lime,लाइम,लाइम,True
laegi,लाएगी,लाएगी,True
laata,लाता,लाता,True
laati,लाती,लाती,True
lati,लाती,लाती,True
lalpur,लालपुर,लालपुर,True
likhkar,लिखकर,लिखकर,True
ligar,लिगर,लिगर,True
leaderon,लीडरों,लीडरों,True
leedaron,लीडरों,लीडरों,True
ludhakate,लुढ़कते,लुढ़कते,True
ludhkate,लुढ़कते,लुढ़कते,True
lurhakate,लुढ़कते,लुढ़कते,True
lumding,लुमडिंग,लुमडिंग,True
lootmaar,लूटमार,लूटमार,True
lootmar,लूटमार,लूटमार,True
lendal,लेंडल,लेंडल,True
lega,लेगा,लेगा,True
legaa,लेगा,लेगा,True
letakar,लेटकर,लेटकर,True
lenevali,लेनेवाली,लेनेवाली,True
lenewali,लेनेवाली,लेनेवाली,True
labelling,लेबलिंग,लेबलिंग,True
lebalon,लेबलों,लेबलों,True
laingikta,लैंगिकता,लैंगिकता,True
lanset,लैंसेट,लैंसेट,True
lairi,लैरी,लैरी,True
locket,लॉकेट,लॉकेट,True
longoval,लोंगोवाल,लोंगोवाल,True
lochdar,लोचदार,लोचदार,True
wonder,वंडर,वंडर,True
vajood,वजूद,वजूद,True
wajood,वजूद,वजूद,True
varn,वर्ण,वर्ण,True
varnit,वर्णित,वर्णित,True
vartamaan,वर्तमान,वर्तमान,True
vartaman,वर्तमान,वर्तमान,True
vartmaan,वर्तमान,वर्तमान,True
verbal,वर्बल,वर्बल,True
vaangchuk,वांगचुक,वांगचुक,True
want,वांट,वांट,True
water,वाटर,वाटर,True
watanukoollan,वातानुकूलन,वातानुकूलन,True
vaadak,वादक,वादक,True
vadak,वादक,वादक,True
vaadiyon,वादियों,वादियों,True
vadiyon,वादियों,वादियों,True
wadiyon,वादियों,वादियों,True
vayana,वायना,वायना,True
vayna,वायना,वायना,True
wayna,वायना,वायना,True
wireless,वायरलेस,वायरलेस,True
vaahikayen,वाहिकाएं,वाहिकाएं,True
vahikayen,वाहिकाएं,वाहिकाएं,True
winter,विंटर,विंटर,True
vincent,विंसेंट,विंसेंट,True
vikalpon,विकल्पों,विकल्पों,True
wicket,विकेट,विकेट,True
vikramjeet,विक्रमजीत,विक्रमजीत,True
vichaarakon,विचारकों,विचारकों,True
vicharakon,विचारकों,विचारकों,True
vigyan,विज्ञान,विज्ञान,True
vigyaani,विज्ञानी,विज्ञानी,True
vigyani,विज्ञानी,विज्ञानी,True
vigyaanon,विज्ञानों,विज्ञानों,True
vigyanon,विज्ञानों,विज्ञानों,True
vidyaayein,विद्याएं,विद्याएं,True
vidyaen,विद्याएं,विद्याएं,True
vidyaaon,विद्याओं,विद्याओं,True
vidyaon,विद्याओं,विद्याओं,True
vidhivat,विधिवत,विधिवत,True
vineet,विनीत,विनीत,True
vipro,विप्रो,विप्रो,True
wipro,विप्रो,विप्रो,True
vibha,विभा,विभा,True
vibhajak,विभाजक,विभाजक,True
vibhram,विभ्रम,विभ्रम,True
vibhrm,विभ्रम,विभ्रम,True
virechan,विरेचन,विरेचन,True
virodh,विरोध,विरोध,True
virodhabhasi,विरोधाभासी,विरोधाभासी,True
virodhabhason,विरोधाभासों,विरोधाभासों,True
vividh,विविध,विविध,True
visheshan,विशेषण,विशेषण,True
visheshaadhikaar,विशेषाधिकार,विशेषाधिकार,True
visheshadhikar,विशेषाधिकार,विशेषाधिकार,True
vishwasaniy,विश्वसनीय,विश्वसनीय,True
vishwasniiya,विश्वसनीय,विश्वसनीय,True
vishwasniiyataa,विश्वसनीयता,विश्वसनीयता,True
vishnu,विष्णु,विष्णु,True
vlc,वीएलसी,वीएलसी,True
weeks,वीक्स,वीक्स,True
veerchand,वीरचंद,वीरचंद,True
veeresh,वीरेश,वीरेश,True
vrutton,वृत्तों,वृत्तों,True
ved,वेड,वेड,True
wed,वेड,वेड,True
wedding,वेडिंग,वेडिंग,True
vediyon,वेदियों,वेदियों,True
vedon,वेदों,वेदों,True
velvet,वेलवेट,वेलवेट,True
welwet,वेलवेट,वेलवेट,True
welder,वेल्डर,वेल्डर,True
weldor,वेल्डर,वेल्डर,True
vesh,वेश,वेश,True
westing,वेस्टिंग,वेस्टिंग,True
vaigyaanik,वैज्ञानिक,वैज्ञानिक,True
vaigyanik,वैज्ञानिक,वैज्ञानिक,True
vaigyaanikta,वैज्ञानिकता,वैज्ञानिकता,True
vaigyanikata,वैज्ञानिकता,वैज्ञानिकता,True
vaigyanikta,वैज्ञानिकता,वैज्ञानिकता,True
vaitravati,वैत्रवती,वैत्रवती,True
vaitrawati,वैत्रवती,वैत्रवती,True
vaishakh,वैशाख,वैशाख,True
vaishaakhi,वैशाखी,वैशाखी,True
vaishakhi,वैशाखी,वैशाखी,True
vyaktigat,व्यक्तिगत,व्यक्तिगत,True
vyavadhan,व्यवधान,व्यवधान,True
vyavdhan,व्यवधान,व्यवधान,True
vyavahargat,व्यवहारगत,व्यवहारगत,True
vyaghat,व्याघात,व्याघात,True
vyapak,व्यापक,व्यापक,True
vlad,व्लाद,व्लाद,True
shanivar,शनिवार,शनिवार,True
shbana,शबाना,शबाना,True
shabdarth,शब्दार्थ,शब्दार्थ,True
sharabon,शराबों,शराबों,True
shaharwasiyon,शहरवासियों,शहरवासियों,True
shahrvasiyon,शहरवासियों,शहरवासियों,True
shaantikaal,शांतिकाल,शांतिकाल,True
shantikal,शांतिकाल,शांतिकाल,True
shaao,शाओ,शाओ,True
shaakhaaen,शाखाएं,शाखाएं,True
shakhayen,शाखाएं,शाखाएं,True
shaavakon,शावकों,शावकों,True
shasak,शासक,शासक,True
shaasakon,शासकों,शासकों,True
sheershakon,शीर्षकों,शीर्षकों,True
shujaat,शुजात,शुजात,True
shujat,शुजात,शुजात,True
shubhankar,शुभंकर,शुभंकर,True
shumaali,शुमाली,शुमाली,True
shumali,शुमाली,शुमाली,True
sheling,शेलिंग,शेलिंग,True
shelling,शेलिंग,शेलिंग,True
shaili,शैली,शैली,True
shrimati,श्रीमति,श्रीमति,True
shriram,श्रीराम,श्रीराम,True
shrotaon,श्रोताओं,श्रोताओं,True
sankhyaein,संख्याएं,संख्याएं,True
sankhyaen,संख्याएं,संख्याएं,True
sankhyayen,संख्याएं,संख्याएं,True
sanchaari,संचारी,संचारी,True
sanchalanon,संचालनों,संचालनों,True
sanchalnon,संचालनों,संचालनों,True
sanjay,संजय,संजय,True
sanjeevan,संजीवन,संजीवन,True
sanjivan,संजीवन,संजीवन,True
sandarbh,संदर्भ,संदर्भ,True
sandarbha,संदर्भ,संदर्भ,True
sandarbhon,संदर्भों,संदर्भों,True
sandali,संदली,संदली,True
samprati,संप्रति,संप्रति,True
samprti,संप्रति,संप्रति,True
samprabhu,संप्रभु,संप्रभु,True
samprabhuta,संप्रभुता,संप्रभुता,True
sambit,संबित,संबित,True
sambhalane,संभालने,संभालने,True
sambhalne,संभालने,संभालने,True
sanyukt,संयुक्त,संयुक्त,True
sanyukta,संयुक्त,संयुक्त,True
sanyojan,संयोजन,संयोजन,True
sanyojanon,संयोजनों,संयोजनों,True
sanyojnon,संयोजनों,संयोजनों,True
samvedikaran,संवेदीकरण,संवेदीकरण,True
sanvedikaran,संवेदीकरण,संवेदीकरण,True
sanskaar,संस्कार,संस्कार,True
sanskaari,संस्कारी,संस्कारी,True
sanskari,संस्कारी,संस्कारी,True
sanskrit,संस्कृत,संस्कृत,True
sanskurt,संस्कृत,संस्कृत,True
sanskritiyan,संस्कृतियां,संस्कृतियां,True
sanskrutiyan,संस्कृतियां,संस्कृतियां,True
sanskritiyon,संस्कृतियों,संस्कृतियों,True
sanskrutiyon,संस्कृतियों,संस्कृतियों,True
sanasthit,संस्थित,संस्थित,True
sansthit,संस्थित,संस्थित,True
sansthita,संस्थिता,संस्थिता,True
sataane,सताने,सताने,True
sate,सते,सते,True
satti,सत्ती,सत्ती,True
satvat,सत्वत,सत्वत,True
sapane,सपने,सपने,True
sapne,सपने,सपने,True
sapney,सपने,सपने,True
saptari,सप्तरी,सप्तरी,True
sapramaan,सप्रमाण,सप्रमाण,True
sabhaein,सभाएं,सभाएं,True
sabhaen,सभाएं,सभाएं,True
sabhayen,सभाएं,सभाएं,True
sabhyata,सभ्यता,सभ्यता,True
samjhoonga,समझूंगा,समझूंगा,True
samadhiyon,समाधियों,समाधियों,True
samitiyan,समितियां,समितियां,True
sametati,समेटती,समेटती,True
sarkaa,सरका,सरका,True
sarkaaron,सरकारों,सरकारों,True
sarsaa,सरसा,सरसा,True
saraahi,सराही,सराही,True
salahkaar,सलाहकार,सलाहकार,True
salahkar,सलाहकार,सलाहकार,True
saleeb,सलीब,सलीब,True
salib,सलीब,सलीब,True
sawaal,सवाल,सवाल,True
sahadev,सहदेव,सहदेव,True
sahdev,सहदेव,सहदेव,True
sagarika,सागरिका,सागरिका,True
saga,सागा,सागा,True
saajan,साजन,साजन,True
sathiya,साथिया,साथिया,True
saayn,सायं,सायं,True
sayara,सायरा,सायरा,True
sayra,सायरा,सायरा,True
salve,साल्वे,साल्वे,True
singaar,सिंगार,सिंगार,True
singar,सिंगार,सिंगार,True
simate,सिमटे,सिमटे,True
simi,सिमी,सिमी,True
siyasi,सियासी,सियासी,True
siyah,सियाह,सियाह,True
sirpur,सिरपुर,सिरपुर,True
cpm,सीपीएम,सीपीएम,True
cps,सीपीएस,सीपीएस,True
seem,सीम,सीम,True
sim,सीम,सीम,True
sugamata,सुगमता,सुगमता,True
sugmta,सुगमता,सुगमता,True
sujhaati,सुझाती,सुझाती,True
sujhati,सुझाती,सुझाती,True
sutli,सुतली,सुतली,True
sudip,सुदीप,सुदीप,True
sunaaron,सुनारों,सुनारों,True
sunaron,सुनारों,सुनारों,True
suneeti,सुनीति,सुनीति,True
sunega,सुनेगा,सुनेगा,True
suneyga,सुनेगा,सुनेगा,True
subhaay,सुभाय,सुभाय,True
subhay,सुभाय,सुभाय,True
surveen,सुरवीन,सुरवीन,True
suljayi,सुलझाई,सुलझाई,True
suljhai,सुलझाई,सुलझाई,True
sulzai,सुलझाई,सुलझाई,True
sulaati,सुलाती,सुलाती,True
susanskrit,सुसंस्कृत,सुसंस्कृत,True
susanskrut,सुसंस्कृत,सुसंस्कृत,True
sukhati,सूखती,सूखती,True
soochak,सूचक,सूचक,True
sooja,सूजा,सूजा,True
sooraj,सूरज,सूरज,True
suryadev,सूर्यदेव,सूर्यदेव,True
sendha,सेंधा,सेंधा,True
sensing,सेंसिंग,सेंसिंग,True
seth,सेथ,सेथ,True
semin,सेमिन,सेमिन,True
self,सेल्फ,सेल्फ,True
selfie,सेल्फी,सेल्फी,True
sev,सेव,सेव,True
sevakon,सेवकों,सेवकों,True
sevkon,सेवकों,सेवकों,True
sochane,सोचने,सोचने,True
sochne,सोचने,सोचने,True
sonu,सोनू,सोनू,True
soma,सोमा,सोमा,True
somi,सोमी,सोमी,True
soya,सोया,सोया,True
soharai,सोहराई,सोहराई,True
sohrai,सोहराई,सोहराई,True
scala,स्काला,स्काला,True
scootaron,स्कूटरों,स्कूटरों,True
scooteron,स्कूटरों,स्कूटरों,True
squash,स्क्वाश,स्क्वाश,True
skhalan,स्खलन,स्खलन,True
stop,स्टॉप,स्टॉप,True
stops,स्टॉप्स,स्टॉप्स,True
stone,स्टोन,स्टोन,True
stray,स्ट्रे,स्ट्रे,True
stre,स्ट्रे,स्ट्रे,True
sthitiyaan,स्थितियां,स्थितियां,True
sthitiyan,स्थितियां,स्थितियां,True
sthitiyon,स्थितियों,स्थितियों,True
sthool,स्थूल,स्थूल,True
sthoolta,स्थूलता,स्थूलता,True
sneakers,स्नीकर्स,स्नीकर्स,True
spear,स्पीयर,स्पीयर,True
spell,स्पेल,स्पेल,True
spelar,स्पेलर,स्पेलर,True
speller,स्पेलर,स्पेलर,True
slide,स्लाइड,स्लाइड,True
slaaidon,स्लाइडों,स्लाइडों,True
slice,स्लाइस,स्लाइस,True
swa,स्वा,स्वा,True
swaachaalit,स्वाचालित,स्वाचालित,True
swiftlate,स्विफ्टलेट,स्विफ्टलेट,True
sweep,स्वीप,स्वीप,True
swecha,स्वेच्छा,स्वेच्छा,True
sweta,स्वेता,स्वेता,True
handiyaa,हंडिया,हंडिया,True
hakikat,हकीकत,हकीकत,True
haqeeqat,हकीकत,हकीकत,True
hathiya,हथिया,हथिया,True
hamla,हमला,हमला,True
humlavar,हमलावर,हमलावर,True
hamaal,हमाल,हमाल,True
hamal,हमाल,हमाल,True
hardas,हरदास,हरदास,True
harpaal,हरपाल,हरपाल,True
haraval,हरावल,हरावल,True
harawal,हरावल,हरावल,True
harijan,हरिजन,हरिजन,True
hariyali,हरियाली,हरियाली,True
halla,हल्ला,हल्ला,True
hawamahal,हवामहल,हवामहल,True
hasinon,हसीनों,हसीनों,True
haani,हानी,हानी,True
hani,हानी,हानी,True
haarjeet,हारजीत,हारजीत,True
haalchaal,हालचाल,हालचाल,True
haalchal,हालचाल,हालचाल,True
hingis,हिंगिस,हिंगिस,True
hijada,हिजड़ा,हिजड़ा,True
hijda,हिजड़ा,हिजड़ा,True
hijbul,हिजबुल,हिजबुल,True
hippo,हिप्पो,हिप्पो,True
himali,हिमाली,हिमाली,True
heroes,हीरोज,हीरोज,True
hegde,हेगडे,हेगडे,True
help,हेल्प,हेल्प,True
hairam,हैरम,हैरम,True
holding,होल्डिंग,होल्डिंग,True
